470
724
1044
1607
1689
2005
2153
2682
2929
3103
4003
3837
4601
5000
4881
6077
6521
6590
7989
6447
7673
8886
9520
8992
10176
11566
10937
11487
11113
12401
11653
13526
13668
11795
14638
14312
15564
16165
16614
18022
17663
17950
18774
18818
17888
19516
22025
23009
19583
21047
21141
21777
21512
25617
24091
22986
27017
25748
23245
26543
28488
26997
29477
31084
28240
27141
30791
33439
35620
29863
36491
36196
30016
36042
36781
32324
34260
33751
35147
39485
35678
35960
39224
43076
36651
41937
40368
42727
40636
40555
42554
42841
47002
43059
44485
44701
47384
44688
49985
44935
51082
46849
52712
50613
52218
48195
52023
49321
54286
57125
56166
56782
53776
49967
58702
61071
54875
56232
65523
60891
60376
58511
66832
60539
56134
65562
62294
62837
57894
67672
67237
65594
64236
66940
68343
67690
64862
77354
73358
76194
68609
70837
66714
73912
71108
70248
69629
83185
83273
75922
72178
78186
81237
75690
79391
80364
72347
77645
78371
85285
80103
77011
86161
88245
88090
85928
92565
84807
87716
84732
99773
90149
86235
80801
89769
85684
86376
83489
92890
89609
95707
96156
99064
93801
89940
106175
104284
89856
98933
105130
93957
95059
98879
101371
101651
93560
97058
99710
102221

